Ice Sheet: Amery
  2256.911842, 183.138894
  2584.013611, 193.527450
  2642.424641, 188.125401
  2613.219126, 172.681080

Ice Sheet: West
  2728.395057, 167.175915
  2824.500166, 156.233302
  2797.130427, 146.491145
  2710.977950, 163.436035

Ice Sheet: Shackleton
  2762.948595, 139.810149
  2897.969105, 133.244582
  2838.002976, 110.265095
  2782.679386, 112.514410

Ice Sheet: Totten
  2597.001072, 77.985551
  2601.910829, 83.958621
  2638.087983, 94.156546
  2654.109294, 94.192967
  2669.613789, 86.763051
  2614.831241, 79.223871

Ice Sheet: Moscow University
  2575.778732, 74.034788
  2577.961695, 82.746784
  2598.290532, 82.696715
  2598.290532, 76.905407
  2603.884373, 76.204442
  2597.199051, 74.168305

Ice Sheet: Mertz
  2169.052549, 43.076531
  2223.670656, 43.178108
  2216.388241, 33.782236
  2174.514360, 34.036178

Ice Sheet: Ninnis
  2081.360146, 42.573263
  2157.825494, 42.164646
  2161.921852, 38.895714
  2095.014672, 38.986518

Ice Sheet: Cook
  1979.785640, 38.050008
  2050.713319, 38.050008
  2030.079813, 33.802243
  1991.391988, 34.263957

Ice Sheet: Rennick
  1792.733798, 45.408184
  1833.697378, 38.490175
  1795.646764, 38.203913
  1773.981582, 44.764094

Ice Sheet: Nansen
  1661.771717, 68.319953
  1736.621280, 69.304942
  1730.362955, 64.872491
  1714.842310, 59.639737
  1660.269719, 64.195311

