Ice Sheet: Brunt
  1122.933757, 231.757337
  1198.033652, 222.719293
  1093.895130, 214.616219
  1067.860499, 218.563870
  1081.879147, 222.407636
  1051.839188, 226.978601
  1081.879147, 231.237909

Ice Sheet: Riiser-Larsen
  1093.257919, 235.053972
  1202.023809, 222.089054
  1281.311093, 245.913476
  1272.162560, 248.794569
  1229.469407, 249.016192
  1126.802539, 240.372913

Ice Sheet: Fimbul
  1169.988772, 251.318603
  1306.215432, 247.193962
  1713.234110, 252.968460
  1706.588907, 260.083467
  1437.458189, 264.311224

Ice Sheet: Lazarev
  1704.131093, 259.391666
  1717.717347, 254.409776
  1752.437773, 253.004628
  1793.196535, 258.114258
  1756.966524, 260.477462

Ice Sheet: Borchgrevnik
  1781.481636, 257.846744
  1766.315422, 252.310581
  1826.980281, 245.591936
  1898.071912, 246.075678
  1932.195895, 251.665591
  1840.250718, 256.180520

Ice Sheet: Roi Baudoin
  1930.067992, 250.779168
  1888.527888, 245.097782
  1932.313403, 241.063175
  2100.719230, 241.145514
  2119.805224, 247.897306
  2079.387825, 249.050051

Ice Sheet: Amery
  2256.911842, 183.138894
  2584.013611, 193.527450
  2642.424641, 188.125401
  2613.219126, 172.681080

Ice Sheet: West
  2728.395057, 167.175915
  2824.500166, 156.233302
  2797.130427, 146.491145
  2710.977950, 163.436035

Ice Sheet: Shackleton
  2762.948595, 139.810149
  2897.969105, 133.244582
  2838.002976, 110.265095
  2782.679386, 112.514410

Ice Sheet: Totten
  2597.001072, 77.985551
  2601.910829, 83.958621
  2638.087983, 94.156546
  2654.109294, 94.192967
  2669.613789, 86.763051
  2614.831241, 79.223871

Ice Sheet: Moscow University
  2575.778732, 74.034788
  2577.961695, 82.746784
  2598.290532, 82.696715
  2598.290532, 76.905407
  2603.884373, 76.204442
  2597.199051, 74.168305

Ice Sheet: Mertz
  2169.052549, 43.076531
  2223.670656, 43.178108
  2216.388241, 33.782236
  2174.514360, 34.036178

Ice Sheet: Ninnis
  2081.360146, 42.573263
  2157.825494, 42.164646
  2161.921852, 38.895714
  2095.014672, 38.986518

Ice Sheet: Cook
  1979.785640, 38.050008
  2050.713319, 38.050008
  2030.079813, 33.802243
  1991.391988, 34.263957

Ice Sheet: Rennick
  1792.733798, 45.408184
  1833.697378, 38.490175
  1795.646764, 38.203913
  1773.981582, 44.764094

Ice Sheet: Nansen
  1661.771717, 68.319953
  1736.621280, 69.304942
  1730.362955, 64.872491
  1714.842310, 59.639737
  1660.269719, 64.195311