Ice Sheet: Brunt
  1122.933757, 231.757337
  1198.033652, 222.719293
  1093.895130, 214.616219
  1067.860499, 218.563870
  1081.879147, 222.407636
  1051.839188, 226.978601
  1081.879147, 231.237909

Ice Sheet: Riiser-Larsen
  1093.257919, 235.053972
  1202.023809, 222.089054
  1281.311093, 245.913476
  1272.162560, 248.794569
  1229.469407, 249.016192
  1126.802539, 240.372913

Ice Sheet: Fimbul
  1169.988772, 251.318603
  1306.215432, 247.193962
  1713.234110, 252.968460
  1706.588907, 260.083467
  1437.458189, 264.311224

Ice Sheet: Lazarev
  1704.131093, 259.391666
  1717.717347, 254.409776
  1752.437773, 253.004628
  1793.196535, 258.114258
  1756.966524, 260.477462

Ice Sheet: Borchgrevnik
  1781.481636, 257.846744
  1766.315422, 252.310581
  1826.980281, 245.591936
  1898.071912, 246.075678
  1932.195895, 251.665591
  1840.250718, 256.180520

Ice Sheet: Roi Baudoin
  1930.067992, 250.779168
  1888.527888, 245.097782
  1932.313403, 241.063175
  2100.719230, 241.145514
  2119.805224, 247.897306
  2079.387825, 249.050051

