Ice Sheet: RossIS
  1311.700000, 132.227273
  1777.319355, 98.571429
  1612.706452, 68.233766
  1212.932258, 77.714286
  1071.835484, 97.149351

Ice Sheet: Sulzberger
  902.519355, 84.350649
  1029.506452, 92.883117
  1189.416129, 80.084416
  1147.087097, 71.077922
  930.738710, 72.500000

Ice Sheet: Getz
  577.996774, 105.207792
  676.764516, 109.948052
  879.003226, 87.668831
  841.377419, 77.714286
  615.622581, 91.935065

Ice Sheet: Dotson
  617.276296, 117.446281
  688.431550, 119.416259
  701.646098, 110.428234
  619.309303, 108.088885

Ice Sheet: Crosson
  597.939969, 123.597845
  664.778876, 126.991440
  685.055848, 120.807556
  650.509896, 118.318920
  592.682976, 121.637102

Ice Sheet: Thwaites
  661.607992, 126.664393
  583.473757, 123.982607
  627.228928, 118.553624
  683.485578, 119.273128

Ice Sheet: Cosgrove
  520.860166, 123.867178
  517.901686, 130.977568
  532.694089, 133.670897
  558.137024, 128.930638
  549.261582, 124.729044

Ice Sheet: Abbot
  414.370031, 147.825498
  524.971696, 148.097909
  513.365349, 118.859125
  410.273673, 119.676358

Ice Sheet: Venable
  447.156067, 148.147158
  513.805328, 148.184095
  523.575900, 152.136364
  501.243163, 153.687721
  465.650364, 152.136364

Ice Sheet: Stange
  523.226951, 171.846918
  583.534443, 170.300177
  537.700749, 161.225966
  467.744058, 167.309812
  482.217856, 170.918873

Ice Sheet: Bach
  476.801561, 181.364374
  515.944537, 180.911895
  505.020916, 172.993506
  457.685224, 173.106626
  457.685224, 179.101978

Ice Sheet: Wilkins
  326.503153, 184.862624
  458.830687, 184.745657
  452.754422, 176.265517
  337.980541, 174.511005

Ice Sheet: George VI
  392.416587, 188.676379
  573.870073, 187.097318
  570.380583, 170.604908
  535.485682, 170.078555
  501.288678, 175.049671
  518.736129, 180.079271
  466.393777, 183.997681
  386.833403, 185.927644

Ice Sheet: Larsen
  708.139584, 190.645587
  659.089490, 186.724100
  440.677752, 196.877952
  320.366202, 194.847181
  226.893382, 200.239227
  199.129178, 212.633929
  290.751051, 215.154885

Ice Sheet: Filchner-Ronne IS
  640.625536, 185.727568
  726.224246, 190.649435
  948.504766, 194.435487
  1058.954714, 202.007590
  1191.494651, 201.755186
  1161.120916, 163.137460
  793.874839, 151.148297
  657.193028, 162.758855

