-6.471751421550895333e-01
-6.471751421550817618e-01
-6.471751421550798744e-01
-6.471751421550802075e-01
-6.381006995550058125e-01
-4.767387533632469476e-01
-5.138052086796865980e-01
-3.748089655093161943e-01
-1.591362790232181690e-01
-1.771203076568826085e-01
8.501317298584504245e-02
1.667484204431933792e-01
1.771405833098337879e-01
2.476289976350557198e-01
2.378197941684746797e-01
1.373574390596104255e-01
-1.234201031910546129e-03
-1.799680267163595859e-01
-1.354766441024147783e-01
-1.929246747734428280e-01
-2.466547895799031942e-01
-1.036429297412946315e-01
-3.229293118010540531e-01
-4.773550299884975479e-01
-6.691324134552141256e-01
-7.147339466458987323e-01
-7.593916519872858650e-01
-9.917650732745884046e-01
-8.557886885419316858e-01
-7.822966471318449910e-01
-6.621932720273052686e-01
-6.933678022291642762e-01
-7.779904640454977649e-01
-8.639213252353834527e-01
-9.747056540768112010e-01
-9.893822493768591464e-01
-9.934120054798810662e-01
-9.880985346140760406e-01
-9.703925221145344171e-01
-8.839341395444660909e-01
-8.049498428812781325e-01
-7.722634300571329380e-01
-7.395803991694198665e-01
-5.944190160899150976e-01
-4.300281856697973359e-01
-2.295762440089262890e-01
-2.701401812776189071e-01
-1.657766160753734452e-01
-2.859362586220905444e-01
-2.603415664634790572e-01
-2.979580271123652979e-01
-3.418000721509530382e-01
-2.877268078547241537e-01
-4.196132612468840839e-01
-4.430250990669912237e-01
-6.072076704541223835e-01
-6.795312435904086179e-01
-8.055130846012636958e-01
-1.017975985901787617e+00
-8.448463015519801500e-01
-6.387149012888440058e-01
-5.324405127047525665e-01
-5.651823954216735890e-01
-3.917160434091214727e-01
-1.193672366606239876e-01
-1.388597926939512950e-01
-1.359610091647245889e-01
-2.203990614356717559e-01
-1.610798990808037789e-01
-9.052196703852487258e-02
1.426198673600458967e-02
-1.249988498141448440e-01
9.095375167702399177e-02
3.361996539670420447e-01
7.653824623909147862e-01
7.734691890348112109e-01
6.955677460142940527e-01
9.516238101186789144e-01
9.242034118346071914e-01
9.413175081175106929e-01
7.861978777244194028e-01
8.436864843384275225e-01
7.291377057403000128e-01
6.821785994844301593e-01
5.384587920445111919e-01
3.403741861176159955e-01
-4.799533231136315914e-02
-2.743331751439497812e-01
-2.247944423501240518e-01
-3.151529998325894311e-01
-4.303396938662379934e-01
-3.146520855506477754e-01
1.323687329858412760e-02
2.068366617698613463e-01
4.000908986007315482e-01
7.359444899885327906e-01
1.153923747172686198e+00
1.598013484955604024e+00
1.832692479306526900e+00
2.003462066054082502e+00
2.153067059238609193e+00
2.253234450800429389e+00
2.294386530744561004e+00
2.028377826354553104e+00
2.091333545601022248e+00
2.108887281056136764e+00
1.977418525905173530e+00
1.703152439406593777e+00
1.363827693693756116e+00
1.498205778719153169e+00
1.396903491879269321e+00
1.521194293876841241e+00
1.496811821225972672e+00
1.550138985230520738e+00
1.768462262463089019e+00
1.786120843552692516e+00
1.691997562589597548e+00
1.303241454957970058e+00
1.401870405546069120e+00
1.631928080552694338e+00
1.653633437295094932e+00
1.341323066822809107e+00
1.290094968767255823e+00
1.231322515788247696e+00
1.078795092973902525e+00
8.297277256541731871e-01
7.625316664105477038e-01
9.067113349832021107e-01
1.022075871470371711e+00
1.302264931238690249e+00
1.553879210929070442e+00
1.575294073601648970e+00
1.397255401687406140e+00
1.296990884258346188e+00
1.287775376650424963e+00
1.227629529706267597e+00
9.521092764837302269e-01
7.997885868941149168e-01
6.309864947754775244e-01
5.883321099617764283e-01
4.801284090058075549e-01
3.701794023331608785e-01
2.499200169798829196e-01
2.506988135425877728e-01
4.580935176701598222e-01
2.927504486217311630e-01
1.550131835185210305e-01
6.780874072279025055e-02
9.589354278040182478e-02
8.370593448460220132e-02
-3.650373983720540255e-02
-9.422143232506605126e-02
-2.190422658646069831e-01
-4.306386089066218115e-01
-5.722550702418577329e-01
-7.565942121863544756e-01
-1.123530068667713655e+00
-1.285578662312948151e+00
-1.328660038631482410e+00
-1.406508407690082452e+00
-1.611082443238869066e+00
-1.647132320068472211e+00
-1.417698290109145942e+00
-1.507571058230330996e+00
-1.859974341590524327e+00
-1.833546336067094273e+00
-1.795867239528000203e+00
-1.892059288062453160e+00
-1.885522106181896085e+00
-1.820622014184609228e+00
-1.608986109557592137e+00
-1.724707366350837656e+00
-1.792521306464100794e+00
-1.682212549279525682e+00
-1.678626884422060206e+00
-1.447653873784131795e+00
-1.231847226469817036e+00
-1.135821279160588393e+00
-7.173485238054774227e-01
-5.581105856696400025e-01
-3.800426859847565453e-01
-3.187265866866167419e-01
-3.647417877071255643e-01
-1.174102173692954526e-01
-1.083429165416387452e-01
1.920501996093933531e-02
-6.129512128205474863e-02
-1.322649539977639177e-01
-2.483164161850641427e-01
-3.934251046875092972e-01
-6.007406170613038832e-01
-6.533848958120597183e-01
-5.358205587335863607e-01
-4.935414036605372257e-01
-4.935414036605372257e-01
-4.935414036605372257e-01
