1.578568866480601907e+00
1.120142347335359778e+00
5.697576312958754219e-01
8.892433518839618078e-02
2.181752359999559188e-01
-3.049970361723011725e-02
3.028728374487324460e-01
1.844810969777606058e-01
-2.887770042458085440e-01
9.477343402571478115e-02
5.176860974630653756e-01
8.520688589150243741e-01
4.937480499494024677e-01
-3.907522456529328170e-01
-8.413980679323974643e-01
-2.963021412273763033e-01
4.117021784682409202e-02
3.074273902896937916e-01
2.402049911307589658e-01
-1.374901064405561257e+00
-2.111230490805591220e+00
-2.551658278375512179e+00
-2.788048122454837685e+00
-2.222550270464142663e+00
-1.938869634494276628e+00
-1.457017977594101454e+00
-5.848788459318512434e-01
6.283547055012677074e-01
3.779170832980912054e-01
5.840812623044090435e-01
1.042557980605983037e+00
3.766592122932319042e-01
-8.693732178592377124e-01
-4.180613615677946648e-01
-3.422533391264474534e-01
-4.683354214628719925e-01
-6.410329934208601754e-01
6.421009078097160427e-02
1.128831018438215761e+00
9.168919092643105229e-01
4.370457565229514119e-01
6.803970348348317154e-01
1.454452516443823118e+00
1.401823630158998801e+00
1.128638631484979671e+00
-1.188313463885928428e-01
-7.545969713514165678e-01
-4.291740882928157808e-01
-7.352127592863834105e-01
-7.849764214093106762e-01
-1.041100695668894183e+00
4.268606479344965593e-02
5.551305479705593848e-01
6.120182891553048732e-01
-1.555596314928589796e-01
-7.964393029394493118e-01
-8.123040295073309380e-01
-4.144917143149832728e-01
3.736173738668733257e-01
-1.907753118243511181e-01
3.107676147003499700e-01
9.551842626806943404e-01
1.165580547546999135e+00
8.551864823488433132e-01
5.299297548563164373e-01
4.693000895852428300e-01
4.378294307599645552e-01
1.382476372306501999e-01
-4.217114873959209032e-01
-6.751270106116561420e-01
-1.527440684434749063e-01
9.214927634142016100e-01
9.338847000725691849e-01
2.519785914155032169e-01
5.420505079456346964e-01
7.981645663331896623e-01
6.894530256145157132e-01
7.892107257993268288e-01
1.105111721705580141e+00
1.164432246117000247e+00
3.615291869899353028e-01
7.003184433751009630e-01
9.222009230415372238e-01
9.904647782521599497e-01
1.015582026676387528e+00
7.123968638248715513e-01
1.192234894565827430e+00
1.094216459562116883e+00
7.891707452787468657e-01
1.195091627718165128e+00
1.381136545828768325e+00
-7.575965951296462220e-02
4.258189179562106852e-01
1.521190005815491464e-01
-5.695827115138869801e-02
2.928801312787141300e-02
8.855860203162139177e-01
6.573375082384319557e-01
1.246182497411774115e+00
2.313572618193303843e+00
1.505681939317257578e+00
1.629184713065192081e-01
-4.103688206203439104e-01
-8.034003054355191020e-01
-4.697277606650445136e-01
-1.106392633505573597e+00
-4.856686287897689080e-01
1.201345797695745565e+00
6.712333520413185095e-01
8.335259301141468846e-01
1.111323111692372079e+00
5.690701127502761913e-01
-4.018772411817423534e-02
-1.014080114574870350e+00
-1.187799517861434673e+00
-1.431765885241568670e+00
-1.052610919723552696e+00
-1.388038806241849610e+00
-7.096086487081569860e-01
1.196452721343244444e-02
-3.350237307655223179e-02
8.419483304023650527e-02
-1.205790974656534703e-01
-3.090212279959180797e-01
9.985349172644464311e-01
1.565393609735039160e+00
7.953501029616518725e-01
8.491459593944276074e-01
1.225192285007790316e+00
1.496646105012813699e+00
7.500825209981812902e-01
4.407207005614967588e-01
2.140919878319375858e-01
3.244772040011101866e-01
5.265891779653174565e-01
5.644259943980554084e-01
1.431830722611970641e+00
1.702185724129449795e+00
8.508624433140942189e-01
7.316573154326960760e-01
5.576757367311805380e-01
4.433427839272998661e-01
4.276472304195180069e-02
-2.271277891306966445e-01
-3.636620330603970164e-01
-4.927667892591495180e-01
-5.173342657802548761e-01
-4.750835013504358523e-02
-1.178632346457418878e+00
-1.276321946626374881e+00
-8.115784760923878682e-01
-2.962874343591552218e-01
-1.114226227113167988e+00
-9.372829607939709984e-01
-1.837817315849768152e+00
-1.217729029863832801e+00
-3.540540602321531338e-01
-6.810191137430772201e-01
-1.779409512796640502e+00
-2.303688306873976188e+00
-2.189944176504085682e+00
-2.211351499880039650e+00
-1.697351384962913823e+00
-1.902010681668955261e-01
-1.813986194752357506e-01
3.729357462546255275e-02
3.955020974252727584e-01
2.259683769335610881e-01
2.076021787587107870e-01
1.436553591937585195e-01
2.364132965569033240e-01
6.631854212179872921e-01
1.867027433710477802e-01
-4.524993777515894378e-01
9.961168139641516373e-01
3.352742145317554046e-02
-3.210202703517268108e-01
-3.944245644508278525e-01
-2.618837631518124431e-01
-3.431614911312426131e-01
-8.312692596071923068e-02
-5.987879765878333371e-01
-1.533216955937489967e+00
-1.524265065563494392e+00
-1.301943631697517034e+00
-1.088535657405235613e+00
-2.128888744360514229e-01
2.529623116057282406e-01
-8.677864220943910523e-01
-1.858882099886625339e+00
-2.058837971023828484e+00
-1.581286095007129022e+00
-8.530559300967097691e-01
-5.584395300457256628e-01
-6.076804300853136942e-01
-4.680726801189911690e-01
-4.227568204914569638e-01
-9.182080029413787203e-01
-1.707530368510557839e+00
-9.555478480891371751e-01
-7.068289560503521196e-02
-4.820357649291504010e-01
-3.142470700017300778e-01
-5.150588301749837727e-01
4.083737889595763504e-02
3.676251768633589379e-01
8.686998438510662446e-02
-6.270024910849239519e-02
4.141296591273084804e-01
-2.242850800124028543e-01
5.407297928720093683e-02
5.127838327763905441e-03
4.912844053488094609e-01
1.253733160409309377e+00
9.754855263738752003e-01
6.352380100304764188e-01
2.480567939932039612e-01
2.593338780370210359e-02
4.577398301643597067e-01
1.295551298902904713e-01
-5.689813320900030114e-01
-4.727688646670700767e-01
-1.968627632223454160e-01
-4.093994124327383077e-01
-1.635077720855738326e+00
-2.350756144997923069e+00
-1.962634149914422643e+00
-5.000684904894854288e-01
-2.635741659051580310e-01
5.190130086661972481e-02
3.489028445488795427e-01
-5.266666954214002105e-01
-1.236309521980005766e+00
-2.110469965765598803e-03
1.140755268037695752e-01
4.291573794233190242e-02
4.209211877103439248e-01
9.377472742552968032e-01
2.233961206055497417e+00
1.221819904516540323e+00
6.106952626143695717e-01
7.870871664710936688e-01
1.854576358151500681e+00
2.790754516319402967e+00
2.217300301682791019e+00
1.089004597431931343e+00
1.015842053280531676e+00
-4.549934598254284923e-01
-9.648945328627005213e-02
6.615962863320303811e-01
2.707882770694758801e+00
2.199594097106766899e+00
7.155496494158322118e-01
4.262970428567233183e-01
1.290176606147483973e+00
2.087056283579776572e+00
2.113996352405516976e+00
7.968045798238466704e-01
4.233482895227171916e-01
-6.247396469055337132e-02
1.910350790467908386e-02
-7.314959456224900958e-01
-1.467976824362884125e+00
-7.630571297282409127e-01
-4.113907268523899208e-01
-3.817335959620721808e-01
-8.429201670315107364e-01
-9.704894022551816546e-01
-4.748094207328349414e-01
-9.889387588927726069e-01
-1.727653215509108650e-02
4.904334614763030675e-01
1.434862291564632075e+00
2.479271802574924077e+00
2.817322548548031769e+00
1.354492524242215890e+00
5.167544913340484936e-01
5.333759482508700911e-01
8.731433435722277814e-01
9.667565382234871718e-03
-7.307696261156533257e-01
4.979144491603688938e-02
6.460567480049167477e-03
-9.372552073426945185e-01
-1.684315093334832314e+00
-2.040675230628580028e+00
-2.586760509647568540e+00
-2.306016577590829897e+00
-1.552844822521330048e+00
-1.289161039121339503e+00
-2.204878008574211901e+00
-1.937288065382829050e+00
-1.423471886554491972e+00
-5.481882805050616314e-01
4.733187534167843102e-01
9.390101331058552381e-01
6.627906818172929482e-01
4.092075120048394021e-01
-1.356840365008400440e+00
-1.186199465751588855e+00
-7.199544421300763108e-01
-7.592012822952836082e-01
-1.078019524142967311e+00
-5.921275538397249294e-01
-2.035600005345342134e-01
2.945438122629781552e-01
2.958616331234777408e-01
4.818441899077950952e-01
3.762826919632213385e-01
-1.443801759938053431e-01
-3.164026577504226445e-01
2.266854781236055886e-03
1.048800529955717237e-01
1.437098820819517064e-01
6.556518605789878329e-01
5.033766597142147470e-01
-1.458250558705563582e-01
-1.289169264663836634e+00
-6.202730787667671830e-01
-1.287021925811364209e+00
-4.902212170114252365e-01
-1.035306503197958028e+00
-9.813074090575381048e-01
3.098747592864342093e-01
2.826096935933860577e-01
6.522687883950190058e-01
1.206084931453933251e+00
1.545846918633132727e+00
5.393635597411168270e-01
1.115900591058699293e-01
-1.270019735086724166e+00
-9.742433312301365111e-01
-1.219543776693425619e+00
-3.959425593227359208e-01
-7.030994288447658391e-01
3.263202845614336933e-01
1.460501779643238740e-01
8.135033850799522348e-02
1.113931509057261571e-01
-1.087959918745365240e+00
-9.171623816836192988e-01
-1.492418533273236703e+00
-8.758679202276052900e-01
-1.018474097978982806e+00
-1.982511126494673204e-01
-9.558848537940571877e-01
-1.512622363691539018e+00
-1.156979656038791937e+00
-6.838424689856168470e-01
-1.392671652620378175e+00
-1.675026076904622796e+00
-5.719971425267610377e-01
-1.061159253121368440e-01
3.672768525636438963e-01
5.092688017337656525e-01
5.958226115948218604e-01
7.774329639731968333e-01
4.285600615636295241e-01
2.614254897803838240e-01
-1.610655940866845270e-01
-2.047260352492292768e-01
-5.585094543745954265e-01
-7.859724359473375666e-01
8.674695668403844540e-01
1.472663424977060487e+00
4.206142860875587974e-01
-3.260790637982290130e-02
1.860228563426757631e-01
7.657403894105154762e-01
2.106400778028622717e-02
-1.132810604121889719e+00
-1.117751389505581727e+00
-6.004503162549841289e-01
-8.486605708746762788e-01
-1.188543799323496186e+00
-7.811685512003865295e-01
1.215571088397348731e+00
1.555776195628934433e+00
1.259434466598414071e+00
9.300294217472865332e-01
1.616807069521747575e+00
3.152837887772994119e+00
3.636462135118331940e+00
1.411908538170252525e+00
5.347809062523466439e-01
5.956787014572623162e-01
5.238193842485806551e-01
1.254604758432014799e+00
1.689116030476696784e+00
1.270087291748390523e+00
-5.302804135952001729e-01
-2.760229725492631125e-01
-7.296412074682776527e-01
-3.005073514194046141e-02
-9.319738208931167556e-01
-1.035028597368140568e+00
-2.596925862140775920e-01
-5.020519584970580818e-01
-1.552138548864707923e+00
-1.629169749857126925e+00
-8.081934733052931197e-01
4.316981454722738643e-01
1.300656317437805187e+00
8.715143246067645899e-01
5.370960342465713744e-01
-6.328991284456176869e-01
-1.649253216611398676e+00
-1.625552032065861408e+00
-1.283319290918244482e+00
-1.658942558710372106e+00
-1.356804847390315816e+00
-6.783710031395764339e-01
1.023321233320652279e+00
1.681277944958504245e+00
1.155178993193516579e+00
6.817952719881831269e-01
4.727643102656953200e-01
4.106363635249234978e-01
-7.202055257820959566e-01
-1.567103339605818269e+00
-1.164217333359859996e+00
-9.131292947672957627e-01
-1.397755784515833488e+00
2.429727301518912752e-01
1.026678892395208598e+00
1.728394025422324676e+00
8.981307124738753256e-01
-3.055495158784068410e-01
-4.006408169165310840e-01
-2.995410778828556594e-02
-3.244234188301624577e-01
-1.065847770958835872e+00
-9.810325932154779771e-01
-1.285340287412315874e+00
-1.245631637247496704e+00
-2.568407558956591896e-01
2.845421167883983582e-01
1.000314659357478764e+00
1.053344391774583944e+00
2.794939965336002974e-01
-5.076220902551608072e-01
-1.730432557179617081e+00
-9.757542988727809785e-01
-5.382460945863536406e-01
-5.367039161820051640e-02
-1.585084244151408195e-01
-3.659922033830945720e-01
-1.399609235472317970e+00
-9.569735036322001287e-01
4.393556827987029484e-02
-8.084121659454942543e-01
4.294119878282283143e-01
1.007915468191698416e+00
1.292421951649546985e+00
1.114104044117847359e+00
5.959265469483903122e-01
2.513684973759227059e-01
2.009134608463499783e-01
-4.498135860943938691e-01
-1.340403078750245669e+00
-5.199136850759117356e-01
1.129101378827704227e+00
1.282059165043822668e+00
1.552299570472186030e+00
1.401493966636722543e+00
8.471483300322876220e-01
1.296915088023570695e+00
7.811133261181926191e-01
4.007261285265822925e-01
3.880600473992362187e-01
1.274226150564259141e+00
1.002584901950764440e+00
7.254533914729838218e-01
3.242922013437670725e-01
1.245189389798744939e+00
1.275761872402484620e+00
-2.144588600363403486e-01
3.963091595770868447e-01
1.169558858710167293e+00
8.337763956666698340e-01
5.344159689914831368e-01
5.551405535569178262e-01
1.062025111196137850e+00
1.410916980720838376e+00
7.752905724360981132e-02
-4.948024465397273808e-01
-4.677039954823385970e-01
-1.002018975336376405e+00
-7.346658619761854414e-01
2.884182394598898136e-01
8.135023844304678509e-01
3.412403271708435715e-01
9.113409943978621752e-02
3.051919349844210011e-02
3.417392745582719660e-01
2.458740975513445670e-01
6.591269609121985784e-01
-6.760939707469447724e-01
-1.888201965310294383e-01
-4.368036490579740860e-01
-3.118726632011075695e-01
6.536690264729096977e-01
1.429124965418668403e+00
