-8.640264115235770648e-01
-8.640264115235786191e-01
-8.640264115235809506e-01
-8.640264115235811726e-01
-9.601351832742934800e-01
-1.315535695827051654e+00
-8.210092585089255879e-01
-8.845275714833759906e-02
9.848686488438677944e-02
2.847010238725316503e-03
4.302996553296269955e-01
1.180571118867865810e+00
1.429874428096558070e+00
1.419454306845571612e+00
1.320761086538208895e+00
8.806080715403412640e-01
1.234483589197212350e+00
4.263634895953680726e-01
1.327611860901172780e-01
-1.974002130280425871e-01
-1.991269224534520932e-01
2.888141051031245521e-01
3.098218388971269444e-01
7.553330094147665541e-01
1.209070846030204871e+00
1.326665675200841221e+00
1.431978087299615066e+00
1.001802156830703616e+00
3.969881701683826702e-01
4.021964264422606128e-01
1.083537293451824757e-01
5.704219336350566799e-02
1.693728999354127129e-01
2.896806324474852090e-01
1.100148702376611415e-01
1.441276574172742075e-01
-9.632941031895229933e-02
2.984202634459019732e-02
-3.527687034344076378e-01
-3.480974697345282642e-01
-1.236597580889121500e-01
-4.216519995114143549e-01
-2.740140655956296856e-01
-6.681172381583025954e-01
3.935490317439249153e-01
5.828157288381384804e-01
7.125510809977211313e-01
3.683301401418519472e-01
-9.070728138789367623e-02
2.132861032759398867e-01
-5.560413788566228588e-01
-2.612840919452433242e-01
-2.435102215733873643e-01
3.727362033073974290e-01
2.933787016941570291e-01
-2.813926653162671099e-01
-1.047710735805795990e+00
-1.515353212029408647e+00
-2.171401352684020125e+00
-2.704996034407118000e+00
-2.811209821837751477e+00
-2.508904779419491859e+00
-2.137848708309355583e+00
-1.554253729317078170e+00
-9.846770384510625806e-01
-2.744730829994980748e-01
1.367755615622211762e-01
2.872042488686742390e-01
6.359440627014347758e-01
2.511410137084683636e-01
7.502523889213368324e-01
6.943171299371241334e-01
1.316403637436687646e+00
1.468758447760515562e+00
1.636550701189832369e+00
1.689042053659986831e+00
1.336543662418759437e+00
8.184035759183514447e-01
2.036973876310963216e-01
-2.038334602326856426e-01
-5.359778104190666692e-01
-6.176785017187826909e-01
-1.124186506064561053e+00
-1.184873512215177449e+00
-1.273893958011144356e+00
-9.157903165514038601e-01
-8.364032183273548693e-01
-8.936567066518872338e-01
-6.687871020224041008e-01
-6.424757499689370821e-01
-6.009479200701127732e-01
-7.186885372366814684e-01
-3.605952120116149295e-01
-3.196794152790354004e-02
6.771105181896137637e-01
1.489270912638070543e+00
1.593650079393842400e+00
2.077331042293177887e+00
2.544706310538431104e+00
2.141439365241339932e+00
1.563631324752470020e+00
1.259420456140120548e+00
1.015675429522906015e+00
4.718773947886096276e-01
-1.913932913942177627e-01
-1.895423322722884496e-01
-5.959920158638668530e-01
-1.340596773188728497e+00
-1.347194829924574622e+00
-7.321782991100030946e-01
-1.196307901167158905e+00
-7.598621353990291372e-01
3.817088270118629278e-02
6.468271546617105905e-01
8.919259841661441035e-01
5.748575553320600662e-01
8.832557891732539801e-01
6.886364236291563357e-01
8.833505078929493326e-01
7.222727184163821867e-01
6.428230664605315559e-01
4.407186388066298699e-01
9.490358148081287637e-02
-3.873716803249956375e-01
-1.082380911797803824e+00
-9.406678418708508405e-01
-5.397361022694192600e-01
-2.470044457834384699e-01
-8.277273890947123292e-02
2.037377858268677594e-02
-1.620014452696041662e-01
-6.222685945535876284e-01
-1.326047163312494614e+00
-1.816730482682635817e+00
-1.248074952058957354e+00
-1.109672451968782170e+00
-9.700878361671372296e-01
-6.745199748837985565e-01
4.415778603791002677e-02
7.893412954658198810e-01
1.330326048828266439e-01
1.305972899139959051e-02
1.236461060011655455e-01
1.093964333985651266e-01
-7.428003541099608142e-01
-1.187336538602443481e+00
-1.065862557745303585e+00
-4.328924131173920165e-01
-1.860921812635120132e-01
3.376360914942492797e-01
1.304037643586487327e+00
1.731805330788246611e+00
1.803249710137247774e+00
1.373161614292954358e+00
1.609367751506344035e+00
1.700739730646690040e+00
1.515516243123068429e+00
6.004960543807615903e-01
9.739729685559987971e-01
9.154639219597496824e-01
7.517346461701631677e-01
2.729887592593523843e-02
3.595669261061517075e-01
8.806716808494069459e-01
5.260977040913992209e-01
7.279497049170937650e-01
4.104917648608729652e-01
8.379882145236866586e-02
1.984864753314114494e-01
3.419830081102393643e-02
-5.032692327759199502e-01
-1.133692469349276255e+00
-1.431217222465382077e+00
-1.166172523463136379e+00
-2.395952263816297112e+00
-2.232331305039799929e+00
-1.532472338584642824e+00
-7.989179379540136683e-01
-2.632964479480976450e-01
2.851419865657184860e-01
1.431808116583673351e+00
1.072681034091084840e+00
1.142264007513104751e+00
1.023710311782489502e+00
1.003601096881792776e+00
7.761070550905087018e-01
6.611710744519339045e-02
8.054692785591521104e-03
-5.293058476732648288e-01
-9.213860449484746473e-01
-1.295814598389949390e+00
-1.401912016119394533e+00
-9.655944033147240146e-01
-3.915794757740672094e-01
-3.915794757740672094e-01
-3.915794757740672094e-01
