-7.482747772783954199e-01
-7.482747772783884255e-01
-7.482747772783961970e-01
-7.482747772783931994e-01
-8.530990853898535731e-01
-8.359727432304865369e-01
-6.122309507635063097e-01
-8.678091778385753630e-01
-8.984702069900556420e-01
-5.047636160816810769e-01
-5.586823646916969643e-01
-1.026110674099224518e+00
-1.480392379613659326e+00
-1.689608055842006795e+00
-1.719172251536107199e+00
-1.699959672174342851e+00
-1.656608698418440273e+00
-1.020250493811243553e+00
-8.479461732120432416e-01
-6.080514750714152150e-01
-4.182080795815079077e-01
-7.981347979920658808e-01
-9.238973265453341854e-01
-1.230544637476308267e+00
-1.403882703468178894e+00
-1.423270722328423554e+00
-1.608942099598849040e+00
-1.189963294915647563e+00
-9.452651460649036386e-01
-7.817720534993696235e-01
-4.088516636015097627e-01
-3.822099407284597627e-01
-2.646162221261545433e-01
-1.372565833602995000e-01
6.071681095513582066e-02
-6.388427093955069414e-02
-6.090209026519828595e-02
6.351787278158498203e-03
4.762459736381289416e-02
1.978091656118432379e-02
-5.017892411973783745e-02
2.407056624077383022e-01
2.463817848245513920e-01
1.772873515387268228e-01
-3.517406253707676678e-01
-6.736849478470815500e-01
-8.166046017264150247e-01
-5.807188369516470550e-01
-3.828295803785936036e-01
-3.702240505068518650e-01
1.898044567373981806e-01
3.113265996783991518e-01
4.343244224901602890e-01
2.400227744658477158e-01
4.897958263986728622e-01
9.282215542616105708e-01
1.379896880463798770e+00
1.733916238472131388e+00
2.524428353933931390e+00
2.739730961587011127e+00
2.783151430951702032e+00
2.673850629228565978e+00
2.583904164915305390e+00
2.300927677386954251e+00
1.569657363887183799e+00
1.248548047792167104e+00
9.795760114645020167e-01
1.192465848477388901e+00
1.030763993212350904e+00
9.631456629029809813e-01
8.785130190984029586e-01
8.074448072435486123e-01
4.819731069180606120e-01
1.441354036808358691e-02
-3.279748126689296939e-01
-4.763615256404569176e-01
-7.488764544131883971e-01
-6.925226308012475407e-01
-6.615762877265436437e-01
-4.012477920132840326e-01
-1.898584592819282657e-01
1.334424974705729072e-01
8.916088042819196868e-01
1.159995436095461629e+00
1.491050736512038455e+00
1.263744468712945990e+00
1.394742123795928990e+00
1.270801624458741008e+00
9.046688152309015907e-01
9.129898680262483746e-01
9.898132228514503472e-01
1.221862154126772682e+00
1.237472589007119650e+00
1.109461358417028753e+00
7.868859195766978454e-01
3.120285531365080689e-01
-1.813510492239439886e-01
-6.247644237638326770e-01
-9.975239956558574761e-01
-9.196262312084233503e-01
-8.527945485753057886e-01
-7.705272854288306439e-01
-6.803244009114249868e-01
-4.971503330562489498e-01
-3.926566684576249244e-01
-3.567591345433374084e-01
5.061116318522120711e-02
6.973034594389490026e-01
1.260981761931078804e+00
1.361225041125628366e+00
1.649297616040823256e+00
1.595944715538859748e+00
1.265193071671581349e+00
8.551209796305684341e-01
4.757111031886237518e-01
5.413649460682073977e-01
4.702135494775974145e-01
4.226071001317660558e-01
1.842639497663449144e-01
-1.542944680991374662e-01
-9.661389101650151232e-03
-6.333141927360118328e-02
2.136340965606853270e-02
2.377483723208312361e-01
5.241180447703615020e-01
5.902785890640241950e-01
3.089652880587138717e-01
-3.934014344516968686e-02
-1.450646378741132225e-01
-6.927660490145190475e-02
4.641600543362882358e-02
3.883809862674883484e-01
9.160699515969269457e-01
1.250807014531250871e+00
9.385916755395272704e-01
7.723591960521517530e-01
8.076874120094512666e-01
6.451082823408730293e-01
1.048169600722231865e-01
-3.805935031938229018e-01
-1.475705639646713863e-01
-2.842858096979380411e-01
-4.856633670279451587e-01
-3.500358651700438695e-01
5.118406992564165925e-02
5.739659339193416976e-01
6.236896604207659012e-01
7.433420356021936959e-01
7.461036918975968435e-01
3.755005821011469513e-01
-1.468444786842063310e-01
-4.844980007059394578e-01
-6.635506906207089273e-01
-6.862068011188915406e-01
-8.927060535924089546e-01
-9.101253972285240357e-01
-9.111034994624301886e-01
-5.533613125344406525e-01
-5.603084992192283176e-01
-4.119278656295669583e-01
1.215302895278454198e-01
3.963257887530484136e-01
5.140644490927158694e-01
4.139421938413005986e-01
6.692682081614592660e-01
5.976056973763097524e-01
3.563268330779245097e-01
8.201093630674693991e-01
8.996408544041741839e-01
9.223561456519533408e-01
9.722542362080336398e-01
1.052331424496909307e+00
1.231624542153539448e+00
7.686427210432914547e-01
9.039688876303537679e-01
6.723398061476122400e-01
2.215669198879422208e-01
-1.206711805697689432e-01
-8.568561829299341515e-01
-1.348750681564428788e+00
-2.069776857914693124e+00
-2.107528140360662938e+00
-2.066312557521691851e+00
-2.178187976294237771e+00
-1.930504990440229163e+00
-1.710764017517942381e+00
-1.454360093340657523e+00
-1.448565492794238629e+00
-1.499427990328271010e+00
-1.291121083043803353e+00
-1.146681947460406414e+00
-1.037868855132235923e+00
-9.811362620824840564e-01
-9.598277979267993976e-01
-9.598277979267993976e-01
-9.598277979267993976e-01
