-4.288599650486524806e-01
-4.288599650486542014e-01
-4.288599650486579207e-01
-4.288599650486614179e-01
-2.676342537733088500e-01
4.820994243184271721e-01
3.220222453546092711e-01
5.724260392745121884e-01
3.478795574234326282e-01
9.046783066338008605e-02
4.931823530496529107e-01
1.833996000233710510e-01
5.551261918883860780e-01
5.376562373902304959e-01
4.406287474705087304e-01
5.123872269802528523e-01
4.553290249711355320e-01
-1.824348087140570673e-01
-5.553835872359345061e-01
-7.772854012152923264e-01
-7.050931901042756245e-01
-8.820717732801108824e-01
-1.449810991028039453e+00
-1.708040164212841994e+00
-1.837087316344820254e+00
-1.657179039233835249e+00
-1.416486194258515408e+00
-1.308053476641632074e+00
-9.213425472205118982e-01
-4.619152773505388332e-01
-1.026267464318876277e-01
9.971020116019149726e-03
-4.571503300366552142e-02
-2.401607132435847336e-01
-6.019362132774638274e-01
-7.270989410815911214e-01
-6.770947296515306135e-01
-8.619187777560377572e-01
-9.736661063556857343e-01
-6.955406920335236443e-01
-5.022397748858713484e-01
-3.623445921312807294e-01
3.275534274325866795e-03
2.031518749742921015e-01
3.350570752647715200e-01
3.730221376363896529e-02
-3.459112505296422779e-01
-4.026026912773231770e-01
-1.235676801352531662e+00
-1.279215693239861951e+00
-1.224279955564821609e+00
-8.640213539791511410e-01
-6.012417105664081829e-01
-7.829753205746755595e-01
-6.154406558089178247e-01
-7.623210428929656501e-01
-6.761178351577789014e-01
-9.222013500423975607e-01
-8.655505929597874237e-01
-2.453764231966320541e-01
-1.541215646214500433e-02
-5.696810040867798797e-02
-1.413041184116582416e-01
1.526914731100343092e-01
-4.650787033152650046e-02
-1.699295416530192115e-01
-2.116608975899410550e-01
-3.403088176744886034e-02
1.369568832225752375e-01
9.718315596256352218e-02
6.174892161616133412e-01
3.536323970038244280e-01
9.844765163820571319e-01
1.298690112165015842e+00
1.425196737541020831e+00
1.498312339564826123e+00
1.493029945784632329e+00
1.517904721294510706e+00
1.113551574806532551e+00
9.910274857102012724e-01
1.148188763676850410e+00
1.166003142676955706e+00
8.009703050661596269e-01
1.219274192928139655e+00
1.337830747323729197e+00
1.304151024800001446e+00
7.352778555403870486e-01
6.623362484027414121e-01
9.478331307751715062e-01
5.715480421577225911e-01
1.554431149478644469e-01
1.093143625922611828e-01
9.267705657080376191e-01
1.271001283984525276e+00
1.252014622103387653e+00
1.634730689203830023e+00
2.021220511559512545e+00
2.510910017675823003e+00
2.393895072318229733e+00
2.278788720120210165e+00
2.065564769870701145e+00
2.241668306096709085e+00
2.368353287197996870e+00
1.630203721950708617e+00
1.467229968484476288e+00
1.259844767585567737e+00
1.100819651899462848e+00
5.340102656928258362e-01
1.560786458575245672e-01
8.088546626429363728e-01
4.502263140544042197e-01
6.410242068940189553e-01
5.291887354618544093e-01
5.339406304944378512e-01
6.216901927866635980e-01
3.895659465022238699e-01
2.506655250684652336e-01
-1.664252989555735640e-01
3.243794428814917863e-01
7.831458176541021832e-01
8.739596427286426827e-01
2.633527024336320688e-01
3.049611835702671914e-01
1.309784249626301522e-02
-1.848649761960219073e-01
-7.422273126432060719e-01
-8.352849604845087317e-01
-4.439601921359667691e-01
-3.762535917712947486e-01
4.157080958828210382e-01
7.876640110092025804e-01
1.033067232519573553e+00
8.782094968597434770e-01
8.026709881102827016e-01
6.761363894158372023e-01
5.555439759671036704e-02
-3.736325962050863203e-01
-6.197494340042923877e-01
-7.852637832069753188e-01
-8.174881559782144480e-01
-3.538304884195266342e-01
1.124343959287422007e-01
2.150053746644373098e-01
3.230430311503443841e-01
7.050854979823905078e-01
2.626108744743740342e-01
-2.691640281470835672e-01
-7.309205597811543331e-01
-7.329666893496038504e-01
-6.108533445720714106e-01
-8.355390032290576086e-01
-7.893026315115451164e-01
-1.139605129654515769e+00
-1.249180445532539929e+00
-1.504360792174857409e+00
-2.126348767695474873e+00
-2.515502854102458219e+00
-2.811504546239476543e+00
-2.304767338004443999e+00
-2.215561353810745704e+00
-2.402887579696904030e+00
-1.870133288859130660e+00
-1.245667422198678098e+00
-1.217808065773850146e+00
-1.840854096485313507e+00
-1.672923401366583462e+00
-1.578789821164164220e+00
-1.650122419798748075e+00
-1.581491273765010863e+00
-1.058861508921908667e+00
-2.433381777573667137e-01
-3.032897143211163438e-01
-2.941909777334537068e-01
-6.385391887293105639e-02
-2.804093303645787683e-01
-8.431461646586224656e-02
-2.218047145735812520e-01
-2.554148051113449558e-01
3.577606543367858882e-01
1.393959539779368872e-01
-7.896527264477594399e-02
-2.398087625404979051e-01
-2.611507648963615758e-01
1.721880408266751594e-01
3.593576100689664377e-01
5.109012279110126675e-01
9.725380439839008684e-01
9.987799052124184396e-01
7.244551089128303811e-01
9.163622696754315511e-01
5.162308872074806709e-01
9.142634764227943744e-01
7.788402390662306773e-01
7.219626828571349408e-01
7.219626828571349408e-01
7.219626828571349408e-01
