-7.058329655808817105e-01
4.941897948235364491e-02
-1.720366052794264355e-01
-2.885946810356440932e-04
-3.098786130061284561e-01
-2.953182574421904794e-01
6.103815846472568918e-01
4.048366149382311846e-02
9.954558354388598485e-01
1.212500959219861674e+00
1.418132653240607166e-01
-5.930527328335168935e-01
-1.022226592458375105e+00
-1.968308311389575627e+00
-3.054350892674334794e+00
-1.135314289583480241e+00
-3.865847747268479906e-01
-1.047401297395279318e+00
-3.164253143785568767e+00
-3.934442756203601732e+00
-3.183698996105684742e+00
-2.230901805083171041e+00
-1.480412793849102071e+00
-3.740939185675045686e-01
-3.016281874201503371e-02
1.003845645453859264e-01
-1.275242726848492270e+00
-6.480656795379465818e-01
-1.255103332938759253e-01
-5.297863113619841746e-01
-2.001976301161257688e+00
-2.163829151355685987e+00
-1.419176930485423760e-01
1.002147130054658275e+00
6.942007216814483073e-01
4.823984837377727763e-01
1.148945280374672751e-01
1.602309055309752428e-01
6.242658955245620200e-01
4.910215556107627721e-01
1.910623722792799684e-01
2.347253398104487687e-01
3.350718808009583438e-01
6.196112422167712186e-01
5.006339807709749845e-01
8.654406318759988448e-02
3.414129492011645506e-01
1.382089122030392137e-01
1.775776657637116451e-01
-3.237895961937231060e-01
-1.137858966245202108e+00
-1.362576896828924800e-01
-7.702145711809707529e-02
-3.579048024895969959e-01
-4.360680163607154047e-01
-7.599394928158015317e-01
-7.648173474061497057e-01
3.478854181907217180e-01
9.991869319356764256e-01
1.144539710542429534e+00
1.771321931881279232e-01
4.468658115503613693e-01
2.744535836761125003e-01
-2.130810474212576633e-01
-2.275690828408154232e-01
-3.555239243148012318e-01
-9.340238570957920539e-01
-9.018542151648198946e-01
1.038418021202836411e-01
1.058567130064917539e+00
8.431799064837991464e-01
9.665029752259799434e-01
-2.192976823656453689e-01
7.714265571304370628e-01
5.875868327102582445e-01
-4.991063010319462534e-01
-2.870627557140526323e-02
3.073977362676549516e-02
1.543847271671417998e-01
1.383859021158936775e+00
1.137678018654523893e+00
5.925203581755372761e-01
7.836941851081800081e-01
8.406239015101256706e-01
7.945406086134872981e-01
1.463049012462665166e+00
1.803067982578660189e+00
5.063966651234128591e-01
2.087702599951782312e-01
-1.422242413539305250e-01
-1.556147658084212848e+00
-1.326048724018964453e+00
-9.264513692417806201e-01
-9.398772751820615445e-01
-1.565350062794339969e+00
-1.387017616904149486e+00
-6.451396133026979784e-01
-3.518978123349644771e-02
5.056795099057451170e-02
-5.878237135743841213e-01
-5.429059833579300554e-01
-1.000347708680298542e+00
-8.016898382879590335e-01
-1.713429245593932615e-01
1.984333239168691587e-01
-5.692090141395536596e-02
6.873304750736950464e-01
-5.050332233077513555e-01
1.983235305518518954e-01
6.304673824221208867e-02
-9.738849235164878104e-01
-1.511159506461118296e-01
6.917329932960052385e-01
7.369813559336295672e-01
4.905020407989259534e-01
2.121052360181654439e-01
1.034916274914970735e+00
1.723495071909344478e+00
1.612466991247277326e+00
4.051770510868051706e-02
3.341403310512101599e-01
2.881400886995785227e-01
-9.023174690656368124e-01
8.335149975951223755e-01
1.427206644256916013e+00
1.531714590314865676e+00
1.475473083850920464e+00
7.187616392186859660e-01
8.086799990776485370e-01
5.401943892302601968e-01
5.834661132623190083e-01
4.847086468633832745e-01
3.942278345863893807e-01
9.286218688126254839e-02
3.531393286275585353e-01
-1.289261566004369641e-01
3.753700235931839435e-01
2.180921747728540860e-01
1.722042046544916549e-01
-1.635522447270881807e-01
-5.086591029231217753e-01
-9.207540005330328015e-01
6.478873126706022334e-02
1.240980573609158144e+00
7.558863841383965942e-01
5.253912463258185728e-01
1.530944681727281820e+00
-4.464262855075826764e-01
-2.714537219384234312e+00
-1.149900627984009160e+00
-6.504084073225574469e-01
2.720786677576861878e-01
-4.869476298522886770e-01
5.448557560920923998e-03
-2.701464439197749368e-01
4.062844194202849465e-03
-5.842544181151041599e-02
-4.058123874716455526e-01
-3.794672414783911152e-01
-1.367103610571309247e+00
-2.234052406171904259e+00
-1.050436449644488679e+00
2.992884588446669825e-01
4.199515404722555800e-01
7.821851974353135617e-01
6.472703263763754933e-01
7.502616623202014168e-01
2.525303804193412827e-01
1.287176092004285177e-01
2.058032270330345248e-01
1.406452114053786395e-01
4.500060133511948196e-02
-7.030251459972967076e-01
1.471783063371376321e-01
6.403634071365008618e-01
2.961055096577214218e-01
-2.317196753703743939e-04
5.282498010332343785e-01
-1.051919093400609240e-01
4.514197622087426920e-01
2.826320760352927230e-01
8.964697214963184280e-01
1.412572299001910947e+00
6.615547324567450094e-01
-7.275607328643232119e-01
-6.528053567507171584e-01
3.864184781828365889e-01
5.138682156264385431e-02
-9.120882452285893338e-01
-5.823601020184806382e-02
4.297395124435638980e-01
1.300028188391931794e+00
1.095266593251557730e+00
8.159679709712770457e-01
6.627850713093168533e-01
5.073659490334585520e-01
-8.111208440798430841e-01
-1.685095194333076973e+00
-1.091509769259344287e+00
-5.678738009828201427e-01
2.149227449286332178e-03
5.569957008811508015e-01
1.323548755265894439e+00
9.999654052610521537e-01
7.732632648891711591e-02
3.598386605183196418e-01
1.342660260484827228e+00
2.296801456236726935e+00
7.249052602953821589e-01
3.844706363918234948e-01
1.096369150810873883e-01
1.247692503928899826e-01
2.242078538254634323e-01
-4.688797208347044582e-02
-2.677663666762226113e-01
-5.323666531551647374e-01
-1.735399720565259929e-01
-3.534260646237162296e-01
-4.739758512422646008e-01
-2.999406144108237582e-01
-1.467694173296613114e-01
-3.178096681908537113e-01
-1.253753455475261347e-01
-1.622395383154145720e-01
4.142046695744596163e-01
-1.364611809167134981e-01
5.151161785696888214e-03
-1.631614416593435424e-01
3.463925336733258420e-01
3.178092093225237669e-01
2.034325161491852552e-01
2.846956968036191138e-01
6.804837108210299856e-01
9.405322238673353707e-01
8.996927313564648809e-01
4.379414424401791295e-01
1.478383570929538093e+00
1.387079466559670182e+00
1.058412780890695570e+00
8.214827853901556232e-01
4.635665051152969007e-01
6.387508007840994040e-01
5.631718503817638721e-01
1.285360797806385458e+00
1.555182908766327810e+00
9.078515367174662121e-01
2.178919478452455705e-01
9.878523237779233968e-02
7.040471432099657534e-01
9.353877842965939715e-01
1.334560963338224271e+00
2.089828268116217524e-01
-7.956697712967260305e-03
3.279424717316806182e-01
8.560763907933421901e-01
1.784867481009263512e+00
1.865286023597443110e+00
1.789253098174976353e+00
7.354630205582611824e-01
2.231132340082040977e-01
3.876146611660556407e-01
2.195233468248235231e-01
-1.085813358153317365e+00
-1.647022167076994323e-02
4.941160027584500791e-01
8.715166301998786835e-01
3.267304884483051564e-01
9.072900599541078304e-01
4.305634751990931042e-01
-5.533510754750845528e-01
-1.620118625168255333e-01
-1.036902150087798263e-01
4.155141009685323072e-01
-4.498302064599309785e-02
6.834616767261613157e-01
6.008999467019664475e-01
6.410502680650372875e-01
2.794793079102271260e-01
-4.403668270647124738e-01
-1.420651308675183300e+00
-2.828756793209742604e+00
-7.183907466870161906e-01
2.655953679473318507e-01
4.978063197659781669e-01
-6.008225285570567564e-01
-1.159302424507792306e+00
3.905592825482742669e-01
1.423041336849078631e+00
1.272216291531093946e+00
1.095065536452405119e+00
1.499486331146299145e+00
3.949101759477162688e-01
3.586799762501701183e-01
4.864819710694769372e-01
3.099719971527689077e-01
-6.523000504726929050e-01
-1.137695709262582788e+00
-1.366029297598492454e+00
-8.638804893367710847e-01
2.734619832150674279e-01
2.410395147414281791e-01
5.462661025915440671e-01
7.503717033404235792e-01
3.769429508135490603e-01
5.295771954608712306e-01
4.498067124493115299e-01
-2.807599168109985444e-01
-8.604836910455048171e-01
-7.337797354116503135e-01
-3.615496013173880030e-01
-7.533815950466590250e-01
-1.026349781250894155e+00
-7.237767784140106686e-01
-6.331438116071544941e-01
-2.868345434751152223e-01
-8.973637211753737741e-01
-1.553816203205005353e+00
-1.275787326805182698e+00
-9.740886017297023525e-01
3.689329250420442796e-01
6.353700827342371182e-01
6.358490498156121884e-01
-1.070375533102463805e+00
-1.453678448513401333e+00
-7.783796802729318065e-01
-1.257296597203559241e+00
-1.412533378825183039e+00
-7.997729537861685278e-01
7.323825849898562002e-01
1.104524887459900490e-01
4.173170864439638694e-01
-8.225912574998107962e-02
2.755170603481760239e-01
9.891780376026199084e-02
-4.380508279933165716e-01
-4.142619653404082114e-01
-1.947913885925950939e-01
-5.035826461492350914e-01
-7.204383243788954339e-01
-1.324200256326237002e-02
3.841998497428143061e-03
-8.350392520657609063e-01
-2.943364125908420892e-01
8.728537958755668846e-01
1.181296962549249763e+00
9.577147938783427961e-01
3.167662218745737057e+00
1.922800593743110964e+00
8.825808431783811470e-01
2.084595018292922042e+00
2.786942517199944458e+00
2.064596210252043651e+00
1.538131004598421114e+00
7.556540605134144384e-01
2.749001371423043794e-01
1.043486333981576974e+00
1.580894482490599051e+00
1.751989708307786664e+00
2.405647670972006047e+00
1.378748995013500789e+00
3.359872633258360053e-01
1.334214323575512617e+00
2.742015704723621106e+00
2.157358935541898504e+00
1.420596164841857245e+00
7.129169812907731885e-02
4.549773983236971020e-02
-1.414282111299453859e-01
-2.176044451700235582e-01
-1.041460350007466396e+00
-3.749337179929349007e-02
9.787866659646575485e-02
-1.016491475138471684e-01
-6.821147906246631532e-02
-5.758776741973239098e-03
3.886392586071438782e-01
1.522774518996397708e+00
7.544614504495478213e-01
2.323397251237555583e-01
-3.749505627408112884e-01
5.261877597423340047e-01
3.028779941469220138e-01
2.577249784585199932e-01
-5.115761128879000585e-01
-7.145495118633138354e-01
-1.140767944701472691e+00
-1.674664794929363598e+00
-3.170744480182308145e-01
5.634378662491856815e-01
-6.011591607470252452e-01
-5.547520938748399244e-01
-3.387051062454679018e-01
-2.541995648263607466e-01
7.677497912862646379e-01
9.655080692143102050e-01
6.431600291750678711e-01
-1.929399022832235105e-02
-2.731245975298183387e-02
6.718981908567200900e-01
6.107841068867781997e-01
-4.989011211718941130e-01
4.013760495335677581e-01
5.621650619494425981e-03
4.223713693717217610e-01
1.814096669449160315e-01
-8.403496450562096820e-01
-6.578186851545597680e-01
4.370121381843178332e-01
5.504326597535049714e-01
1.222809678770205633e+00
1.572372354254415017e+00
7.670588566089986404e-01
2.146639917844354040e-01
3.764332006508027129e-01
-1.062143187002884959e-01
-2.083941729012468713e-01
1.607573693724130282e-01
-3.108961071150554978e-01
1.031860672875697826e+00
9.715347817319925916e-01
3.110888532102163984e-01
1.938908781592120489e-01
2.044887175315183381e+00
2.368114069077107420e+00
1.706621047463440011e+00
6.988700319051847076e-01
-3.352809689485365396e-01
2.537654398464109784e-01
-1.598792828322324888e-01
3.464578358106890077e-01
2.256841546937400356e+00
1.670405330509690645e+00
2.853273165498226294e-01
7.362348890389206479e-01
2.209003501227342792e+00
2.683597545017752495e+00
4.059656181982933543e-01
-4.196423002565308757e-01
-9.840916928283688359e-01
-1.419916275770803260e+00
-7.900057177423958077e-01
-1.003440126111908803e+00
-7.368449524841316212e-01
-1.372997224583861531e+00
-9.536905585959781773e-01
-4.762910433408868438e-01
-6.906933408065132340e-01
-9.970545717808968478e-01
1.519729045882711738e-01
2.328443919253408642e-02
-2.566847772018949758e-01
3.071470616039373783e-02
1.500109931287327836e-01
-1.399523541053807829e+00
-2.246458814861287401e+00
-1.860177579404162396e+00
-1.248516955847145837e+00
-1.631375055007488584e+00
-2.027840541928854989e+00
-1.490677011968842169e+00
-3.049142114404429504e-01
-2.726529919338892549e-01
-8.030428478384430413e-01
-1.618523802386767851e+00
-1.825256847629864954e+00
-1.495654447862486469e+00
-1.238897729622076227e+00
-1.672676045178818072e+00
-1.205127446835048799e+00
-1.441925750574329035e+00
-2.101066829465537467e+00
-2.054388312734862332e+00
-9.908029541511695903e-01
-6.311029333902771210e-01
-6.176258042975912854e-01
-8.327678755106608932e-01
-6.704695037728137796e-01
-9.675082849763259052e-01
-2.722362991869030857e+00
-2.129330735157608068e+00
-1.218745328532247596e+00
-1.762121783057733149e+00
-2.609946581356248352e+00
-3.155716371534650122e+00
-1.734172238703441282e+00
-6.075603330629704146e-01
-4.765484107329448493e-01
-4.202953213949185973e-01
-4.202493058100976731e-01
-6.524225860755743511e-01
-1.241294551156397530e+00
-1.285708493361377380e+00
-9.012481534137796180e-01
-7.827018945142769635e-01
-9.450393127552894068e-01
-6.199828869814961729e-01
7.022254842209971759e-01
2.751216347399405016e-01
-9.113027967755388259e-02
-2.746587560604270006e-01
-5.152844970273003922e-01
5.789988389870847074e-01
-8.487526543216766806e-01
